<svg xmlns="http://www.w3.org/2000/svg" xmlns:xlink="http://www.w3.org/1999/xlink" version="1.1" width="1152px" height="305px" style="shape-rendering:geometricPrecision; text-rendering:geometricPrecision; image-rendering:optimizeQuality; fill-rule:evenodd; clip-rule:evenodd">
<g><path style="opacity:1" fill="#fefefe" d="M -0.5,-0.5 C 383.5,-0.5 767.5,-0.5 1151.5,-0.5C 1151.5,101.167 1151.5,202.833 1151.5,304.5C 767.5,304.5 383.5,304.5 -0.5,304.5C -0.5,202.833 -0.5,101.167 -0.5,-0.5 Z"/></g>
<g><path style="opacity:1" fill="#50cfd0" d="M 68.5,20.5 C 70.7224,20.178 72.5557,20.8446 74,22.5C 77.4233,44.4407 78.09,66.4407 76,88.5C 71.8641,100.629 63.3641,106.462 50.5,106C 39.9644,103.464 33.4644,96.9644 31,86.5C 28.9816,65.4853 29.315,44.4853 32,23.5C 33.7328,21.3985 35.7328,21.0652 38,22.5C 37.7839,37.6599 37.2839,52.8266 36.5,68C 36.4584,74.2205 36.9584,80.3872 38,86.5C 44.5001,99.4512 53.6668,101.951 65.5,94C 67.0685,91.6959 68.2352,89.1959 69,86.5C 70.9388,66.4616 70.4388,46.4616 67.5,26.5C 67.5726,24.4104 67.906,22.4104 68.5,20.5 Z"/></g>
<g><path style="opacity:1" fill="#51cfd1" d="M 49.5,27.5 C 52.2385,26.9648 54.0718,27.9648 55,30.5C 55.5037,48.5411 55.1704,66.5411 54,84.5C 55.7998,86.317 57.9664,87.4837 60.5,88C 61.4642,94.4892 58.7975,96.1558 52.5,93C 49.8647,91.0395 48.0314,88.5395 47,85.5C 46.6353,72.1422 47.1353,58.8089 48.5,45.5C 48.4233,40.9748 48.0899,36.4748 47.5,32C 47.5186,30.167 48.1852,28.667 49.5,27.5 Z"/></g>
<g><path style="opacity:1" fill="#49cdcf" d="M 139.5,148.5 C 138.057,154.1 137.39,159.933 137.5,166C 137.501,169.683 137.835,173.183 138.5,176.5C 141.4,208.144 157.066,230.977 185.5,245C 210.206,254.06 233.873,252.06 256.5,239C 262.676,233.99 268.343,228.49 273.5,222.5C 281.807,228.147 289.807,234.147 297.5,240.5C 276.198,265.811 248.865,278.145 215.5,277.5C 170.636,276.113 138.136,255.446 118,215.5C 99.0654,171.394 103.732,130.061 132,91.5C 161.986,58.8396 198.819,47.0062 242.5,56C 262.987,59.899 279.653,69.899 292.5,86C 285.264,91.974 277.93,97.974 270.5,104C 269.833,104.667 269.167,104.667 268.5,104C 251.37,85.0645 230.036,77.3978 204.5,81C 175.672,86.8212 155.505,103.321 144,130.5C 141.576,136.272 140.076,142.272 139.5,148.5 Z"/></g>
<g><path style="opacity:1" fill="#6fd6d7" d="M 658.5,83.5 C 667.318,82.5067 676.318,82.1734 685.5,82.5C 685.5,96.1667 685.5,109.833 685.5,123.5C 684.504,110.344 684.171,97.0105 684.5,83.5C 675.833,83.5 667.167,83.5 658.5,83.5 Z"/></g>
<g><path style="opacity:1" fill="#47cdcf" d="M 658.5,83.5 C 667.167,83.5 675.833,83.5 684.5,83.5C 684.171,97.0105 684.504,110.344 685.5,123.5C 698.656,124.496 711.99,124.829 725.5,124.5C 725.5,132.167 725.5,139.833 725.5,147.5C 711.833,147.5 698.167,147.5 684.5,147.5C 683.842,174.188 684.509,200.521 686.5,226.5C 686.205,228.735 686.539,230.735 687.5,232.5C 688.106,241.125 692.439,246.458 700.5,248.5C 702.473,249.163 704.639,249.496 707,249.5C 711.095,249.569 714.928,248.903 718.5,247.5C 720.302,246.542 722.302,245.875 724.5,245.5C 726.468,253.433 727.135,261.766 726.5,270.5C 713.1,274.84 699.434,276.007 685.5,274C 676.045,271.692 668.711,266.525 663.5,258.5C 663.245,256.033 662.245,254.033 660.5,252.5C 660.5,252.167 660.5,251.833 660.5,251.5C 659.1,246.636 658.433,241.636 658.5,236.5C 658.5,206.833 658.5,177.167 658.5,147.5C 647.833,147.5 637.167,147.5 626.5,147.5C 626.5,139.833 626.5,132.167 626.5,124.5C 637.014,124.828 647.347,124.494 657.5,123.5C 658.496,110.344 658.829,97.0105 658.5,83.5 Z"/></g>
<g><path style="opacity:1" fill="#51cfd1" d="M 764.5,84.5 C 770.716,84.525 775.883,86.8584 780,91.5C 790.264,103.612 796.264,117.612 798,133.5C 799.115,149.925 798.448,166.258 796,182.5C 794.587,187.739 792.587,192.739 790,197.5C 786.747,200.494 784.247,199.994 782.5,196C 786.382,189.355 788.882,182.189 790,174.5C 792.331,157.433 791.997,140.433 789,123.5C 785.51,111.684 779.344,101.517 770.5,93C 769.207,92.51 767.873,92.3433 766.5,92.5C 764.669,113.615 763.669,134.781 763.5,156C 764.833,192.158 765.833,228.325 766.5,264.5C 768.582,264.528 770.416,263.861 772,262.5C 771.208,231.501 771.542,200.501 773,169.5C 775,168.167 777,168.167 779,169.5C 779.167,174 779.333,178.5 779.5,183C 778.408,210.169 778.242,237.336 779,264.5C 775.434,270.364 770.267,272.53 763.5,271C 761.951,269.786 760.785,268.286 760,266.5C 757.378,218.868 756.378,171.201 757,123.5C 757.593,112.458 758.593,101.458 760,90.5C 761.332,88.34 762.832,86.34 764.5,84.5 Z"/></g>
<g><path style="opacity:1" fill="#a3e4e5" d="M 685.5,82.5 C 676.318,82.1734 667.318,82.5067 658.5,83.5C 658.829,97.0105 658.496,110.344 657.5,123.5C 657.5,109.833 657.5,96.1667 657.5,82.5C 666.833,81.1667 676.167,81.1667 685.5,82.5 Z"/></g>
<g><path style="opacity:1" fill="#4eced0" d="M 769.5,103.5 C 771.288,103.215 772.955,103.548 774.5,104.5C 780.722,110.601 783.222,117.934 782,126.5C 780.626,130.954 779.459,135.454 778.5,140C 779.528,145.556 782.028,150.389 786,154.5C 786.852,159.254 785.019,160.588 780.5,158.5C 773.416,152 770.582,144 772,134.5C 774.483,129.401 775.483,124.068 775,118.5C 773,115.167 771,111.833 769,108.5C 768.36,106.735 768.527,105.068 769.5,103.5 Z"/></g>
<g><path style="opacity:1" fill="#51cfd1" d="M 52.5,116.5 C 57.9068,116.125 62.0735,118.125 65,122.5C 66.6869,147.48 68.0202,172.48 69,197.5C 71.5435,212.592 73.3768,227.758 74.5,243C 76.4654,253.728 72.7987,261.728 63.5,267C 50.2918,269.465 43.1251,263.965 42,250.5C 42.2012,229.146 43.2012,207.813 45,186.5C 45.4702,164.49 45.4702,142.49 45,120.5C 47.4172,118.872 49.9172,117.539 52.5,116.5 Z"/></g>
<g><path style="opacity:1" fill="#e8f8f9" d="M 657.5,82.5 C 657.5,96.1667 657.5,109.833 657.5,123.5C 646.833,123.5 636.167,123.5 625.5,123.5C 635.653,122.506 645.986,122.172 656.5,122.5C 656.171,108.99 656.504,95.6562 657.5,82.5 Z"/></g>
<g><path style="opacity:1" fill="#ade6e7" d="M 685.5,82.5 C 686.496,95.9898 686.829,109.656 686.5,123.5C 699.833,123.5 713.167,123.5 726.5,123.5C 726.826,131.684 726.492,139.684 725.5,147.5C 725.5,139.833 725.5,132.167 725.5,124.5C 711.99,124.829 698.656,124.496 685.5,123.5C 685.5,109.833 685.5,96.1667 685.5,82.5 Z"/></g>
<g><path style="opacity:1" fill="#fbfefe" d="M 62.5,208.5 C 62.9114,213.338 63.5781,218.005 64.5,222.5C 64.2786,225.279 64.612,227.946 65.5,230.5C 66.3021,237.804 66.6354,245.138 66.5,252.5C 64.9446,258.886 60.9446,261.386 54.5,260C 50.2051,256.907 48.5384,252.74 49.5,247.5C 50.6307,233.191 51.2974,218.858 51.5,204.5C 53.7613,177.979 54.0946,151.313 52.5,124.5C 54.4672,124.261 56.3005,124.594 58,125.5C 58.7561,153.215 60.2561,180.882 62.5,208.5 Z"/></g>
<g><path style="opacity:1" fill="#49cdcf" d="M 442.5,165.5 C 442.5,200.833 442.5,236.167 442.5,271.5C 435.167,271.5 427.833,271.5 420.5,271.5C 420.737,270.209 420.404,269.209 419.5,268.5C 419.5,267.167 419.5,265.833 419.5,264.5C 419.827,259.786 419.493,255.12 418.5,250.5C 417.893,250.624 417.56,250.957 417.5,251.5C 402.358,272.047 382.025,279.88 356.5,275C 327.222,268.275 315.056,250.108 320,220.5C 325.051,206.448 334.551,196.615 348.5,191C 358.227,187.521 368.227,185.188 378.5,184C 391.496,183.5 404.496,183.333 417.5,183.5C 418.746,163.81 409.746,151.976 390.5,148C 377.545,145.641 365.545,147.975 354.5,155C 350.361,157.639 346.361,160.472 342.5,163.5C 337.195,157.86 331.861,152.193 326.5,146.5C 352.829,125.055 382.162,119.888 414.5,131C 429.95,137.61 439.284,149.11 442.5,165.5 Z"/></g>
<g><path style="opacity:1" fill="#47cdcf" d="M 605.5,158.5 C 605.804,161.522 606.304,164.522 607,167.5C 607.5,202.165 607.667,236.832 607.5,271.5C 599.5,271.5 591.5,271.5 583.5,271.5C 583.667,241.831 583.5,212.165 583,182.5C 582.722,181.584 582.222,180.918 581.5,180.5C 581.346,175.711 580.013,171.378 577.5,167.5C 574.26,160.43 568.927,155.597 561.5,153C 533.272,147.412 515.939,158.578 509.5,186.5C 508.502,214.662 508.169,242.995 508.5,271.5C 500.167,271.5 491.833,271.5 483.5,271.5C 483.5,224.167 483.5,176.833 483.5,129.5C 492.167,129.5 500.833,129.5 509.5,129.5C 509.334,136.508 509.5,143.508 510,150.5C 520.636,134.259 535.802,125.926 555.5,125.5C 573.805,124.741 588.638,131.407 600,145.5C 602.397,149.624 604.231,153.957 605.5,158.5 Z"/></g>
<g><path style="opacity:1" fill="#47cdcf" d="M 960.5,170.5 C 960.5,204.167 960.5,237.833 960.5,271.5C 951.833,271.5 943.167,271.5 934.5,271.5C 934.831,240.662 934.498,209.995 933.5,179.5C 933.605,175.742 932.605,172.408 930.5,169.5C 926.706,159.877 919.706,154.044 909.5,152C 881.992,148.929 865.992,161.096 861.5,188.5C 860.502,215.995 860.169,243.662 860.5,271.5C 852.167,271.5 843.833,271.5 835.5,271.5C 835.5,224.167 835.5,176.833 835.5,129.5C 844.167,129.5 852.833,129.5 861.5,129.5C 861.334,136.508 861.5,143.508 862,150.5C 862.717,149.956 863.217,149.289 863.5,148.5C 874.187,133.487 888.854,125.821 907.5,125.5C 938.277,125.352 955.943,140.352 960.5,170.5 Z"/></g>
<g><path style="opacity:1" fill="#4acdcf" d="M 1048.5,125.5 C 1069.51,122.929 1088.51,127.762 1105.5,140C 1112.48,147.132 1116.98,155.632 1119,165.5C 1119.5,201.165 1119.67,236.832 1119.5,272.5C 1111.83,272.5 1104.17,272.5 1096.5,272.5C 1096.13,265.163 1095.63,257.829 1095,250.5C 1083.12,268.109 1066.45,276.442 1045,275.5C 1009.88,275.054 993.55,257.388 996,222.5C 999.413,208.751 1007.58,198.917 1020.5,193C 1031.4,188.44 1042.74,185.44 1054.5,184C 1067.5,183.5 1080.5,183.333 1093.5,183.5C 1095.4,163.905 1086.74,152.071 1067.5,148C 1048.97,145.455 1032.97,150.621 1019.5,163.5C 1014.51,159.015 1009.68,154.349 1005,149.5C 1004.02,148.241 1003.68,146.908 1004,145.5C 1016.99,134.587 1031.82,127.921 1048.5,125.5 Z"/></g>
<g><path style="opacity:1" fill="#65d5d7" d="M 835.5,129.5 C 835.5,176.833 835.5,224.167 835.5,271.5C 843.833,271.5 852.167,271.5 860.5,271.5C 860.169,243.662 860.502,215.995 861.5,188.5C 861.5,216.5 861.5,244.5 861.5,272.5C 852.5,272.5 843.5,272.5 834.5,272.5C 834.168,224.664 834.501,176.997 835.5,129.5 Z"/></g>
<g><path style="opacity:1" fill="#cbf0f1" d="M 861.5,129.5 C 862.167,135.833 862.833,142.167 863.5,148.5C 863.217,149.289 862.717,149.956 862,150.5C 861.5,143.508 861.334,136.508 861.5,129.5 Z"/></g>
<g><path style="opacity:1" fill="#92dfe0" d="M 725.5,147.5 C 725.5,147.833 725.5,148.167 725.5,148.5C 712.5,148.5 699.5,148.5 686.5,148.5C 686.5,174.5 686.5,200.5 686.5,226.5C 684.509,200.521 683.842,174.188 684.5,147.5C 698.167,147.5 711.833,147.5 725.5,147.5 Z"/></g>
<g><path style="opacity:1" fill="#e1f6f6" d="M 656.5,148.5 C 657.167,177.833 657.833,207.167 658.5,236.5C 658.433,241.636 659.1,246.636 660.5,251.5C 658.043,248.045 656.876,244.045 657,239.5C 656.5,209.168 656.333,178.835 656.5,148.5 Z"/></g>
<g><path style="opacity:1" fill="#f1fbfb" d="M 725.5,148.5 C 713.011,149.495 700.344,149.829 687.5,149.5C 687.5,177.167 687.5,204.833 687.5,232.5C 686.539,230.735 686.205,228.735 686.5,226.5C 686.5,200.5 686.5,174.5 686.5,148.5C 699.5,148.5 712.5,148.5 725.5,148.5 Z"/></g>
<g><path style="opacity:1" fill="#b3eaeb" d="M 139.5,148.5 C 138.768,157.815 138.434,167.148 138.5,176.5C 137.835,173.183 137.501,169.683 137.5,166C 137.39,159.933 138.057,154.1 139.5,148.5 Z"/></g>
<g><path style="opacity:1" fill="#9ae1e2" d="M 625.5,123.5 C 636.167,123.5 646.833,123.5 657.5,123.5C 647.347,124.494 637.014,124.828 626.5,124.5C 626.5,132.167 626.5,139.833 626.5,147.5C 637.167,147.5 647.833,147.5 658.5,147.5C 658.5,177.167 658.5,206.833 658.5,236.5C 657.833,207.167 657.167,177.833 656.5,148.5C 646.167,148.5 635.833,148.5 625.5,148.5C 625.5,140.167 625.5,131.833 625.5,123.5 Z"/></g>
<g><path style="opacity:1" fill="#73d8d9" d="M 605.5,158.5 C 607.421,162.509 608.588,166.843 609,171.5C 609.5,205.165 609.667,238.832 609.5,272.5C 600.167,272.5 590.833,272.5 581.5,272.5C 581.5,241.833 581.5,211.167 581.5,180.5C 582.222,180.918 582.722,181.584 583,182.5C 583.5,212.165 583.667,241.831 583.5,271.5C 591.5,271.5 599.5,271.5 607.5,271.5C 607.667,236.832 607.5,202.165 607,167.5C 606.304,164.522 605.804,161.522 605.5,158.5 Z"/></g>
<g><path style="opacity:1" fill="#90e0e1" d="M 960.5,170.5 C 961.498,204.329 961.832,238.329 961.5,272.5C 952.167,272.5 942.833,272.5 933.5,272.5C 933.5,241.5 933.5,210.5 933.5,179.5C 934.498,209.995 934.831,240.662 934.5,271.5C 943.167,271.5 951.833,271.5 960.5,271.5C 960.5,237.833 960.5,204.167 960.5,170.5 Z"/></g>
<g><path style="opacity:1" fill="#eefafa" d="M 930.5,169.5 C 932.605,172.408 933.605,175.742 933.5,179.5C 933.5,210.5 933.5,241.5 933.5,272.5C 932.668,240.669 932.168,208.669 932,176.5C 931.023,174.26 930.523,171.927 930.5,169.5 Z"/></g>
<g><path style="opacity:1" fill="#65d5d7" d="M 483.5,129.5 C 483.5,176.833 483.5,224.167 483.5,271.5C 491.833,271.5 500.167,271.5 508.5,271.5C 508.169,242.995 508.502,214.662 509.5,186.5C 509.5,215.167 509.5,243.833 509.5,272.5C 500.5,272.5 491.5,272.5 482.5,272.5C 482.168,224.664 482.501,176.997 483.5,129.5 Z"/></g>
<g><path style="opacity:1" fill="#fdfefe" d="M 389.5,203.5 C 398.833,203.5 408.167,203.5 417.5,203.5C 418.887,241.29 400.887,257.79 363.5,253C 348.842,248.534 343.342,238.701 347,223.5C 350.619,216.549 356.119,211.716 363.5,209C 372.147,206.378 380.814,204.545 389.5,203.5 Z"/></g>
<g><path style="opacity:1" fill="#fdfefe" d="M 1063.5,203.5 C 1073.5,203.5 1083.5,203.5 1093.5,203.5C 1094.6,243.23 1075.6,259.397 1036.5,252C 1025.41,247.096 1020.91,238.596 1023,226.5C 1024.17,219.992 1027.67,215.158 1033.5,212C 1043.16,207.569 1053.16,204.735 1063.5,203.5 Z"/></g>
<g><path style="opacity:1" fill="#ebf9f9" d="M 577.5,167.5 C 580.013,171.378 581.346,175.711 581.5,180.5C 581.5,211.167 581.5,241.833 581.5,272.5C 580.668,240.669 580.168,208.669 580,176.5C 578.57,173.647 577.737,170.647 577.5,167.5 Z"/></g>
<g><path style="opacity:1" fill="#95dfe0" d="M 62.5,208.5 C 63.2216,208.918 63.7216,209.584 64,210.5C 64.4988,214.486 64.6655,218.486 64.5,222.5C 63.5781,218.005 62.9114,213.338 62.5,208.5 Z"/></g>
<g><path style="opacity:1" fill="#c9edee" d="M 51.5,204.5 C 51.2974,218.858 50.6307,233.191 49.5,247.5C 48.8356,244.854 48.5022,242.021 48.5,239C 49.559,227.353 50.559,215.853 51.5,204.5 Z"/></g>
<g><path style="opacity:1" fill="#b6e7e8" d="M 65.5,230.5 C 66.2679,231.263 66.7679,232.263 67,233.5C 67.82,240.014 67.6533,246.347 66.5,252.5C 66.6354,245.138 66.3021,237.804 65.5,230.5 Z"/></g>
<g><path style="opacity:1" fill="#a8e2e2" d="M 718.5,247.5 C 714.928,248.903 711.095,249.569 707,249.5C 704.639,249.496 702.473,249.163 700.5,248.5C 706.523,248.498 712.523,248.165 718.5,247.5 Z"/></g>
<g><path style="opacity:1" fill="#c1edee" d="M 724.5,245.5 C 725.209,244.596 726.209,244.263 727.5,244.5C 727.826,253.349 727.493,262.016 726.5,270.5C 727.135,261.766 726.468,253.433 724.5,245.5 Z"/></g>
<g><path style="opacity:1" fill="#a9e7e9" d="M 417.5,251.5 C 417.56,250.957 417.893,250.624 418.5,250.5C 419.493,255.12 419.827,259.786 419.5,264.5C 418.833,260.167 418.167,255.833 417.5,251.5 Z"/></g>
<g><path style="opacity:1" fill="#b5e9e9" d="M 660.5,252.5 C 662.245,254.033 663.245,256.033 663.5,258.5C 661.755,256.967 660.755,254.967 660.5,252.5 Z"/></g>
<g><path style="opacity:1" fill="#94e1e2" d="M 442.5,165.5 C 443.498,200.996 443.832,236.663 443.5,272.5C 435.5,272.5 427.5,272.5 419.5,272.5C 419.5,271.167 419.5,269.833 419.5,268.5C 420.404,269.209 420.737,270.209 420.5,271.5C 427.833,271.5 435.167,271.5 442.5,271.5C 442.5,236.167 442.5,200.833 442.5,165.5 Z"/></g>
</svg>
